
update child at = 0

update child at = 1

update child at = 2

update child at = 3

update child at = 4

update child at = 5

update child at = 6

update child at = 7


top_1 = [Parameter containing:
tensor([[-0.5692,  0.6778,  0.6798,  0.3627,  0.3232, -0.3222, -0.6299,  0.0820,
         -0.3920,  0.5851, -0.5427],
        [ 0.7288,  0.4563, -0.6138,  0.1654, -0.0414,  0.0596, -0.3138,  0.1160,
          0.7059,  0.3726, -0.6514],
        [-0.2619, -0.6027, -0.5200, -0.2823, -0.0547,  0.4999,  0.1197,  0.0408,
         -0.5170,  0.5705, -0.2841],
        [ 0.3986, -0.2205,  0.4191,  0.1289, -0.1539,  0.1077, -0.3414, -0.4788,
         -0.6665, -0.2632,  0.1253],
        [ 0.2104,  0.0888, -0.3206, -0.7336,  0.4709,  0.4032,  0.3679,  0.0716,
          0.3935, -0.4267, -0.4404],
        [ 0.1819,  0.3705, -0.2754,  0.4894,  0.5700, -0.3308,  0.5101,  0.2270,
         -0.7056,  0.3548,  0.5646],
        [-0.5213,  0.3761, -0.0443, -0.5189, -0.3584, -0.1960, -0.5983,  0.0479,
         -0.3675, -0.4624,  0.3018],
        [ 0.1134,  0.2844,  0.3646,  0.3223, -0.0043,  0.2171, -0.0369,  0.6023,
          0.2483,  0.1094, -0.3265],
        [ 0.4181, -0.4564,  0.2900,  0.0290,  0.1322,  0.3006, -0.3886, -0.6914,
          0.1549, -0.3523, -0.7034],
        [ 0.3368,  0.6861, -0.3653, -0.0839, -0.6517,  0.2919,  0.5875, -0.6244,
         -0.3896,  0.7265, -0.0037],
        [ 0.4963, -0.2970,  0.5319,  0.2399, -0.1294, -0.6131,  0.6011, -0.5153,
          0.6293,  0.4035,  0.2581],
        [-0.1608, -0.4784, -0.3749, -0.3764,  0.0978,  0.3689,  0.3779, -0.1775,
         -0.1501,  0.3137,  0.4026],
        [ 0.4205,  1.1979, -0.4549,  0.5208, -1.0040, -0.4004,  0.0841, -0.5678,
          0.6723,  0.2331, -0.3863],
        [ 0.6878, -0.3899,  0.5869,  0.0218,  0.0778, -0.5648,  0.6262,  0.3278,
         -0.2021, -0.9244, -0.2415],
        [ 0.2879,  0.4084, -0.5363, -0.5091, -0.1103, -0.3684,  0.5218, -0.5094,
          0.0688,  0.1783, -0.5242],
        [-0.2270, -0.3095, -0.5095,  0.0097, -0.5317,  0.6360, -0.4352, -0.1599,
          0.0643, -0.2367,  0.7300],
        [-0.3814, -0.4847,  0.3531,  0.6581,  0.3821,  0.5716, -0.5364,  0.2089,
         -0.4371, -1.4764,  0.2816],
        [-0.9511, -0.7081,  0.4128,  0.2007,  0.1200,  0.6051, -0.4154,  0.3734,
         -0.0524,  0.6649,  0.3632],
        [ 0.3601,  0.6931,  0.5519,  0.4241, -0.1439,  0.0463,  1.0824,  0.1769,
          0.2693,  0.6830, -0.6550],
        [-0.0349, -0.1017, -0.2264, -0.4560, -0.3881, -0.2632,  0.1911,  0.3123,
         -0.6929, -0.3434,  0.0596],
        [-0.0869, -0.0262, -0.2998,  0.4355,  0.3829, -0.4286, -0.0520, -0.3678,
          0.5849, -0.7996, -0.4111],
        [ 0.6458, -0.0446, -0.6903,  0.7075,  0.6031, -0.5898,  0.3936, -0.7357,
          0.3186, -0.0076,  0.2728],
        [ 0.3540, -0.4808,  0.3225,  0.5048,  0.2728,  0.1114,  0.5067, -0.0414,
          0.1619, -0.0782,  0.7489],
        [ 0.6672, -0.2386, -0.1756,  1.1075, -0.1762, -0.6623, -0.0737, -0.6636,
          0.5428,  0.4828, -0.2463],
        [ 0.0708,  0.3692,  0.3914,  0.1648,  0.7250,  0.5022, -0.6345,  1.4677,
         -0.1476, -0.6064, -0.5372],
        [-0.3099,  0.6038,  0.7060, -0.7332,  1.1055, -0.6206,  0.6298,  0.5491,
          0.3511, -0.0020,  0.3526],
        [-0.2106,  0.0112,  0.7346, -0.1717, -0.3641,  0.5987, -0.0881,  0.3093,
         -0.8824,  0.6544, -0.3897],
        [-0.9393, -0.2128, -0.5995, -0.5390, -0.2709,  0.0650,  0.6912, -0.3373,
         -0.1166,  0.2994, -0.2357],
        [-0.3565, -0.4729,  0.5247,  0.2330, -0.1955, -0.4443,  0.5400, -0.4187,
          0.5535,  0.2872,  0.7124],
        [-0.4836, -0.4563, -0.5699,  0.4874, -0.2640,  0.4544,  0.0706,  0.1818,
         -0.1758,  0.2356,  0.5326],
        [ 0.1768,  0.1900, -0.1779,  0.4336, -0.3953, -0.7140,  0.2677, -0.0882,
          0.1382, -0.1116, -0.2870],
        [-0.3054, -0.7358, -0.0750, -0.2109, -0.6469,  0.2672, -0.3080,  0.6348,
         -0.6450, -0.3100, -0.6115]], requires_grad=True), Parameter containing:
tensor([-0.0845, -0.1177, -0.1114,  0.0772, -0.0378,  0.0475,  0.1550, -0.1186,
        -0.0611, -0.0300,  0.0468,  0.1858,  0.0121, -0.1366,  0.0035,  0.0515,
        -0.0812, -0.1592,  0.1148, -0.1082, -0.1973, -0.1813, -0.1022, -0.0820,
         0.0887,  0.0978,  0.0990, -0.0937,  0.0417, -0.0706,  0.0807, -0.0864],
       requires_grad=True), Parameter containing:
tensor([[-0.3388,  0.0730,  0.2022, -0.2099,  0.2784,  0.1018, -0.1236, -0.3946,
         -0.0980, -0.1616,  0.3639,  0.2630,  0.3954,  0.2055, -0.0284,  0.5503,
         -0.1905, -0.2919, -0.0747,  0.0472,  0.0883, -0.2567,  0.1420, -0.0800,
         -0.0946, -0.2245, -0.1712,  0.3929,  0.4090,  0.4295,  0.3945,  0.2396],
        [ 0.2400,  0.1836,  0.3613,  0.3760, -0.2474, -0.6585,  0.0163,  0.2759,
         -0.3825,  0.0842, -0.0659,  1.5660, -0.4100, -0.2738, -0.3594, -0.1671,
         -0.2744, -0.4788, -0.9170,  0.0539,  0.2645, -0.0781, -0.3549,  0.3764,
         -0.1886,  0.3327,  0.0219, -0.2809,  0.3133,  0.3998, -0.2410,  0.0422],
        [ 0.2000,  0.0359, -0.3879,  0.4286,  0.0674, -0.9012, -0.1186,  0.2442,
         -0.3360, -0.2234,  0.3385,  0.0639, -0.1009, -0.0239,  0.2516,  0.0881,
         -0.3870, -0.3424, -0.2541,  0.1029, -0.2344, -0.2709,  0.3893,  0.3022,
          0.0567, -0.0749,  0.4737,  0.0655, -0.8239, -0.1292,  0.2142,  0.0488],
        [ 0.2302,  0.2374, -0.0464, -0.2180, -0.3248,  0.0405, -0.7732,  0.4070,
         -0.0217, -0.1729,  0.3553, -0.3048, -0.3652, -0.2901, -0.4148,  0.1759,
         -0.0942, -0.2398, -0.1856,  0.2216, -0.3102,  0.0428, -0.0723, -0.3292,
         -0.0533, -0.1405, -0.3579,  0.2111, -0.3868, -0.3579, -0.1513, -0.3675],
        [ 0.3216,  0.3710,  0.3176, -0.0311, -0.1757, -0.3644, -0.3019,  0.1355,
         -0.0461, -0.0179,  0.4602,  0.2349,  0.3375, -0.2643,  0.3253, -0.1931,
         -0.0759,  0.4159,  0.0926,  0.0308,  0.1679,  0.1728, -0.3640, -0.1611,
         -0.0323,  0.0195,  0.2691, -0.1785, -0.2730, -0.0872,  0.0885, -0.2689],
        [-0.1033, -0.3259,  1.0959,  0.2640, -0.2899,  0.0381, -0.1956, -0.2725,
          1.2658,  0.3312, -0.1395,  0.1941, -0.1814,  0.0411,  0.2856, -0.7206,
          0.2399,  0.3857,  0.2159, -0.2843,  0.1892, -0.2725,  0.1510,  0.2684,
         -0.0782, -0.6694, -0.2275,  0.0322,  0.1407,  0.2994, -0.1788,  0.3133],
        [ 0.0555, -0.0286, -0.2428,  0.0051, -0.2706,  0.1424, -0.2254, -0.2480,
         -0.3938, -0.3426, -0.3136, -0.0183,  0.2621, -0.3418,  0.7422,  0.1629,
          0.1367,  0.3550,  0.3510, -0.1015, -0.2138, -0.0041, -0.0558, -0.4013,
         -0.2576,  0.1683,  0.1772,  0.0061,  0.9703,  0.3015,  0.2493,  0.9424],
        [ 0.2719, -0.3599, -0.8112, -0.1917,  0.2585, -0.1829,  0.0925, -0.1213,
          0.2727,  0.3172, -0.1068,  0.4296,  0.0747, -0.1039, -0.1186, -0.1261,
         -0.0494,  0.1784, -0.3910,  0.7731,  0.3397,  0.2783,  0.1500,  0.1089,
         -0.1547,  0.6799,  0.2207, -0.0782,  0.3001, -0.2112,  0.0915, -0.3642],
        [-0.4225,  0.0672,  0.3122, -0.2761, -0.2926, -0.2201,  0.2826, -0.4035,
          0.0586, -0.4224, -0.8919, -0.1214,  0.0404,  0.0923,  0.1607, -0.1776,
          0.7183,  0.3886, -0.2908, -0.2966, -0.0494,  0.2383, -0.4141,  0.1059,
         -0.1392,  0.1828,  0.0508, -0.1524,  0.1205, -1.2049,  1.1147,  0.1443],
        [ 0.8529, -0.3447,  0.0447, -0.5958,  0.0264, -1.0288,  0.0474, -0.3925,
         -0.1332, -0.2113,  0.2942,  0.2393,  0.0119, -0.2758, -0.3218,  0.5871,
         -0.2235, -0.4361,  0.3270, -0.1370, -0.1805, -0.0404, -0.2964,  0.0922,
          0.4061, -0.1907,  0.0585,  0.3789, -0.2198,  0.1977, -0.2479,  0.3900],
        [-0.1363,  0.2232,  0.0146, -1.4646,  0.1667, -0.1089,  0.0847, -0.2958,
         -0.1663, -0.1148,  0.2857, -0.0939, -0.4263, -0.1423,  0.8620, -0.2184,
          0.3246, -0.0908,  0.3212,  0.3341, -0.0720, -0.1752, -0.3911, -0.2495,
          0.0441,  0.0285, -0.0853,  0.2090, -0.3296,  0.5162, -0.2627,  0.0084],
        [ 0.2729,  0.0024, -0.1543, -0.2122, -0.1530,  0.2011, -0.8054,  0.0454,
         -0.3351,  0.2279, -0.1733, -0.2310, -0.0640,  0.0303, -0.2503,  0.1751,
         -0.1529,  0.3442, -0.1279,  0.0206,  0.1379, -0.1564,  0.4089,  0.2477,
          0.3330, -0.0332, -0.1825,  0.2886,  0.0023,  0.0026, -0.1535,  0.3344],
        [ 0.0770,  0.3163,  0.3590, -0.1478,  0.2135, -0.2149, -0.0467, -0.8426,
          0.2155,  0.0171, -0.8269,  0.3322, -0.0596, -0.2522, -0.3099,  0.0333,
         -0.0729,  0.1771,  0.2924,  0.3351,  0.0898,  0.1224,  0.3355,  0.3187,
         -1.0612,  0.4183,  0.3468, -0.3604,  0.8098, -0.1956,  0.0753,  0.1321],
        [ 0.1710, -0.0761, -0.2715, -0.4272, -0.0946, -0.3693, -0.0393, -0.4300,
         -0.0965,  0.8836, -0.3420, -0.1305,  0.0914, -0.2302, -0.1354, -0.3372,
         -0.1889, -0.2668, -0.2048, -0.1492, -0.2679, -0.4162,  0.3743,  0.1063,
         -0.2623,  0.1065,  0.3229,  0.4273, -0.3849,  0.3310,  0.0855,  0.3717],
        [ 0.4022,  0.0637, -0.7420, -0.1822,  0.1777, -0.0810,  0.2491,  0.1481,
          0.1163,  0.2933, -0.3360, -0.1172,  0.1872,  0.6315,  0.1956, -0.2666,
         -0.1912,  0.3082, -0.2740, -0.3876, -0.0668, -0.0185,  0.0895,  0.1373,
         -0.1065,  0.0398,  0.0372, -0.1460,  0.1739, -0.2170, -0.0936, -0.1002],
        [-0.3221, -0.3579,  0.2801,  0.1900,  0.1083, -0.1229,  0.1454, -0.1296,
         -0.1418, -0.1713, -1.1374, -0.2072,  0.0647, -0.2185,  0.1877, -0.3180,
         -0.3978, -0.1127,  1.2364,  0.2297,  0.4244,  0.3596,  0.1262,  0.0721,
         -0.7427,  0.1961,  0.3408,  1.2823,  0.2504, -0.1336,  0.2554,  0.4094]],
       requires_grad=True), Parameter containing:
tensor([ 0.0608, -0.0742, -0.0534, -0.1617, -0.0262,  0.1830,  0.0307,  0.1165,
         0.0249, -0.1220,  0.1163,  0.1618, -0.1893,  0.0427,  0.0180,  0.0178],
       requires_grad=True), Parameter containing:
tensor([[ 0.8469,  0.4158, -0.2558,  0.6010,  0.5494,  0.3932, -1.1815,  0.2026,
         -0.5598, -0.5316, -0.0268,  0.0558,  0.5107,  0.2875,  0.4092,  0.1133],
        [ 0.3070,  0.3700,  0.3482, -0.5744, -0.4106, -0.0216, -0.2549,  0.4877,
         -0.0323, -0.2683,  0.1468,  0.5769,  1.7442, -0.4370,  0.0183,  0.3717]],
       requires_grad=True), Parameter containing:
tensor([ 0.0921, -0.6201], requires_grad=True)]


top_2 = [Parameter containing:
tensor([[ 0.7039,  0.3895, -0.6544,  0.7058, -0.1496,  0.3882,  0.4884,  0.0191,
          0.1826,  0.3527,  0.7261],
        [-0.0281,  0.1707,  0.0505,  0.4401, -0.1878,  0.3591, -0.1686, -0.5482,
          0.5427, -0.7008, -0.1841],
        [ 0.6660,  0.2885, -0.3277, -0.3404, -0.1953, -0.0962,  0.5708,  0.6871,
          0.1180, -0.6306, -0.5404],
        [ 0.5495,  0.7021,  0.6190,  0.2067,  0.4743,  0.2223, -0.4874, -0.3242,
          0.3574, -0.4574,  0.5133],
        [-0.1703,  0.5358,  0.3641, -0.7255, -0.6656,  0.6846,  0.1631, -0.2401,
          0.4595, -0.5173,  0.6463],
        [-0.4372,  0.2553, -0.7128, -0.5916,  0.3046,  0.6316,  0.5918, -0.2131,
         -0.2976,  0.4309,  0.4747],
        [-0.0409, -0.7126, -0.0666, -0.5844,  0.5104,  0.0487,  0.4500,  0.2428,
         -0.2009, -0.1489, -0.4028],
        [ 0.1329,  0.2515,  0.0406, -0.1810,  0.1679,  0.6411,  0.4717, -0.4146,
         -0.6193,  0.2845,  0.6577],
        [-0.6134, -0.2233,  0.1762, -0.4017, -0.3196,  0.3253, -0.4332,  0.1738,
          0.2291, -0.3276,  0.0029],
        [-0.2588, -0.0842, -0.3955, -0.6310, -0.2315, -0.3879,  0.1883, -0.4884,
          0.4036,  0.2808, -0.4671],
        [-0.0609,  0.7264, -0.2286, -0.0453,  0.6163, -0.3920, -0.4810,  0.6941,
         -0.3715, -0.2650, -0.7023],
        [ 0.2227, -0.4717,  0.0293,  0.6431,  0.4249,  0.3793, -0.4170, -0.3513,
          0.5630,  0.1075,  0.1691],
        [-0.4994, -0.0048, -0.0477, -0.0349,  0.7223,  0.4385, -0.4257, -0.4268,
         -0.5407, -0.5771,  0.7342],
        [-0.4389, -0.2330,  0.2817,  0.5312, -0.7365,  0.2019,  0.2830, -0.3910,
          0.6576,  0.5047, -0.6355],
        [ 0.4270, -0.3642,  0.6549,  0.1615, -0.5291,  0.7049, -0.3889, -0.3212,
         -0.4320, -0.1890,  0.0385],
        [-0.2782,  0.5517,  0.4647, -0.1243, -0.3807,  0.3337, -0.0519,  0.4079,
          0.0608, -0.7246,  0.2883],
        [-0.0413, -0.5419, -0.6322,  0.6690, -0.0431, -0.5979,  0.3863, -0.4223,
         -0.3597, -0.2097, -0.0897],
        [ 0.3730, -0.2288,  0.0897,  0.1119,  0.0186,  0.4565, -0.2092, -0.1599,
          0.0459,  0.5389,  0.5837],
        [ 0.2686, -0.0738,  0.0150,  0.2342, -0.3341,  0.5921, -0.0948, -0.5594,
          0.6665,  0.2647,  0.1462],
        [-0.4141,  0.6858,  0.3521, -0.5991,  0.6951, -0.5503,  0.2361, -0.5461,
          0.4482,  0.1345, -0.2692],
        [-0.2402, -0.5142,  0.6543, -0.3338, -0.2942,  0.4631,  0.6488,  0.1706,
          0.5183,  0.0149, -0.1050],
        [ 0.6518, -0.0494,  0.6447,  0.1766,  0.0754,  0.4981,  0.3118,  0.4694,
         -0.6140,  0.1674, -0.7328],
        [-0.4189, -0.6668,  0.5772,  0.6936,  0.2632, -0.5064,  0.1984,  0.4942,
          0.6392,  0.6377,  0.0364],
        [ 0.7175, -0.0996,  0.5924, -0.3806, -0.4180,  0.3992, -0.6700, -0.2240,
          0.4890,  0.3888,  0.3563],
        [-0.0752,  0.0375, -0.7321,  0.3339,  0.6741, -0.2884, -0.3902,  0.6847,
         -0.5664, -0.2177,  0.2686],
        [ 0.0288, -0.0060, -0.0936,  0.2226, -0.5242,  0.1782, -0.3120, -0.0321,
          0.4761, -0.2106,  0.4399],
        [-0.3011, -0.7166,  0.4041,  0.4559,  0.5578, -0.1588,  0.3881, -0.2978,
          0.6449,  0.5707,  0.3847],
        [ 0.6320, -0.3561, -0.2978,  0.2572,  0.0670, -0.7229,  0.2482,  0.4991,
          0.4945, -0.1882, -0.3984],
        [ 0.1901, -0.3776, -0.5939, -0.4888,  0.6275,  0.1477, -0.4463,  0.5372,
         -0.0208, -0.2756,  0.5577],
        [-0.3614, -0.0954,  0.7366, -0.5465,  0.3542, -0.1226,  0.2453, -0.6297,
          0.6548,  0.1608, -0.4291],
        [-0.3834, -0.6009,  0.5310,  0.6510, -0.6330, -0.4335,  0.2880, -0.5842,
          0.7026,  0.4313,  0.3054],
        [-0.1601, -0.0820,  0.2380, -0.5486, -0.6151, -0.0035, -0.4295,  0.5324,
         -0.5401,  0.3020, -0.6057]], requires_grad=True), Parameter containing:
tensor([ 0.1187, -0.0430,  0.1984,  0.1417, -0.0737,  0.0820,  0.0662,  0.0441,
         0.0318,  0.0632, -0.1989, -0.1403,  0.0940,  0.0508,  0.1322,  0.1321,
        -0.0594, -0.0946,  0.1867, -0.0277, -0.1340, -0.1298,  0.1741,  0.0212,
         0.1122, -0.0391, -0.1091,  0.0716,  0.0982, -0.1812, -0.0854,  0.1280],
       requires_grad=True), Parameter containing:
tensor([[ 0.2928, -0.0379,  0.1033,  0.1862, -0.3080, -0.3590, -0.3374, -0.1783,
         -0.1466,  0.3206, -0.3960, -0.1852,  0.3907,  0.2395, -0.1233, -0.2009,
         -0.2294, -0.0081,  0.2553,  0.1143,  0.0439, -0.4084, -0.2572,  0.0081,
          0.0885, -0.2628,  0.1807,  0.1122, -0.1974, -0.1624, -0.3147,  0.3297],
        [ 0.2263, -0.2331, -0.1203, -0.3014,  0.0512, -0.2448, -0.0670,  0.1326,
         -0.2750,  0.0712, -0.2754,  0.0012,  0.2463, -0.3803,  0.3381, -0.3401,
          0.3461, -0.1897,  0.4079, -0.0326,  0.3559, -0.0276, -0.1506,  0.0647,
         -0.1991, -0.3959, -0.3854, -0.1648,  0.0840, -0.1075,  0.2041, -0.1777],
        [-0.2886,  0.0125,  0.0137,  0.0892, -0.2536, -0.0476,  0.4300, -0.0240,
         -0.1077,  0.3928,  0.2687, -0.0706,  0.3162, -0.3940, -0.1528, -0.1869,
         -0.1733,  0.2976,  0.3052, -0.0172, -0.0766,  0.2798, -0.3334,  0.1181,
         -0.1123, -0.4171,  0.1876, -0.2848,  0.3866,  0.2484, -0.2243, -0.1777],
        [-0.0536, -0.0009, -0.1597,  0.4178,  0.2031,  0.4174, -0.1598, -0.1498,
          0.0070,  0.0918,  0.3119,  0.2875, -0.1465, -0.2021,  0.3989, -0.3921,
         -0.0467,  0.2631, -0.3084,  0.1582, -0.1292, -0.3607,  0.2611,  0.0086,
          0.0753, -0.0507, -0.0175, -0.1690,  0.2873, -0.2852,  0.1444, -0.2614],
        [ 0.1769, -0.1716,  0.1726, -0.3909,  0.3663,  0.4123,  0.1500, -0.3128,
         -0.2384,  0.3326,  0.1882, -0.1107, -0.2418, -0.2339, -0.2458, -0.3927,
          0.0165,  0.0378,  0.2705,  0.0931, -0.3847,  0.1256, -0.1956, -0.0335,
         -0.1100,  0.3692,  0.4086,  0.3374, -0.3188,  0.0546, -0.4173, -0.2640],
        [-0.2855,  0.1170,  0.3015,  0.0972,  0.1223,  0.4033, -0.2553, -0.2199,
         -0.0607,  0.1588, -0.0447, -0.1126,  0.3055,  0.1850,  0.1853, -0.0240,
          0.3478,  0.0909,  0.1735, -0.2446, -0.0276,  0.0236, -0.3283,  0.4321,
         -0.1729, -0.1679, -0.1632,  0.2808,  0.3546,  0.3573, -0.3439, -0.1326],
        [-0.0508,  0.4057,  0.2830,  0.2518,  0.3065,  0.4103, -0.3535, -0.3343,
          0.3252, -0.2866, -0.0767,  0.0656, -0.1264,  0.1839,  0.2941, -0.1002,
         -0.1860,  0.1430, -0.2717, -0.3628,  0.1514,  0.3051,  0.3723, -0.1679,
          0.1867, -0.2493, -0.0180, -0.3877, -0.1719, -0.3687, -0.2347, -0.1438],
        [ 0.1098,  0.0293,  0.2417,  0.3468, -0.0736, -0.4309, -0.1609,  0.1067,
         -0.3135,  0.3846,  0.0075, -0.0042, -0.0518, -0.2224,  0.3417,  0.4118,
          0.0276,  0.2392,  0.3085,  0.3806, -0.3943,  0.0427,  0.3593, -0.2063,
         -0.2152,  0.3773,  0.4140,  0.3697, -0.3521, -0.1294, -0.2988,  0.1774],
        [ 0.2536, -0.3152, -0.4195, -0.4002,  0.3185, -0.2398,  0.3414,  0.2006,
          0.3395,  0.0226,  0.3606, -0.1317,  0.2022, -0.2537, -0.0468, -0.3554,
         -0.3141, -0.0407,  0.3958, -0.2068, -0.1788, -0.2709, -0.0344, -0.0667,
          0.0335, -0.0754, -0.0082, -0.3618, -0.3222, -0.3270,  0.2342, -0.2614],
        [ 0.3960,  0.3550,  0.0968, -0.3569, -0.2758, -0.0334,  0.2695,  0.2779,
         -0.0798, -0.2755, -0.2177, -0.0422, -0.1186, -0.3379,  0.1694, -0.3016,
          0.3857, -0.0209, -0.1978, -0.4118, -0.2264, -0.3550,  0.0697,  0.0534,
         -0.2673, -0.0206, -0.1687,  0.2620, -0.3992, -0.2626, -0.0508,  0.2952],
        [-0.4199,  0.1875,  0.1786,  0.2560, -0.2851, -0.3472, -0.1353, -0.3660,
         -0.1920, -0.3942,  0.0682,  0.0574, -0.4200, -0.3758, -0.3560, -0.4007,
         -0.2951, -0.1600, -0.2750, -0.4109,  0.1127,  0.1640, -0.3962, -0.3521,
          0.1679, -0.1651, -0.1139, -0.3002,  0.3376,  0.1820, -0.2973, -0.0069],
        [-0.3878,  0.3440, -0.1681, -0.1017,  0.2858, -0.2568, -0.0150, -0.3146,
          0.4279,  0.4261,  0.3902,  0.1767, -0.3647, -0.2084, -0.3374,  0.3425,
         -0.1725, -0.1036,  0.0909, -0.0627,  0.0815,  0.3744, -0.2202, -0.1013,
         -0.2398,  0.2371,  0.1742,  0.0448, -0.1931,  0.1109,  0.4021,  0.1352],
        [-0.4003, -0.3816, -0.3340,  0.2809, -0.3365, -0.3986,  0.3040, -0.2267,
         -0.0243,  0.2644,  0.2460,  0.2000, -0.0799, -0.1512, -0.0174, -0.0244,
          0.4098,  0.3345, -0.3112, -0.3861, -0.1440, -0.2096, -0.3724, -0.1149,
          0.1056,  0.1949, -0.3894, -0.1013,  0.2488, -0.3483, -0.1697, -0.2069],
        [-0.2366, -0.0182, -0.0576, -0.3212,  0.3702, -0.0401, -0.1466, -0.3003,
          0.3306, -0.1397, -0.0693,  0.0256, -0.4116, -0.2681, -0.2290, -0.3727,
          0.0268,  0.4147,  0.0746,  0.2398,  0.1670,  0.4116,  0.4144,  0.0711,
          0.1723, -0.1255, -0.3232, -0.2800, -0.2829,  0.2822,  0.3385,  0.0620],
        [-0.2780, -0.2900,  0.0344,  0.0417, -0.0061, -0.2352, -0.1858,  0.0789,
          0.0704,  0.0919, -0.2378, -0.1910, -0.1739,  0.3917,  0.0680, -0.3427,
          0.2478,  0.3067, -0.3717,  0.4294,  0.2285, -0.3985, -0.3340, -0.0554,
          0.1189, -0.1082,  0.0466, -0.0600, -0.3735, -0.1314, -0.1370,  0.3635],
        [-0.2530,  0.3333, -0.3474, -0.3951,  0.3289,  0.0770, -0.2163, -0.1891,
          0.1357, -0.3399,  0.2927, -0.1878,  0.3285, -0.0309,  0.2619, -0.2474,
         -0.3426, -0.4217,  0.3628,  0.0662, -0.1340, -0.4217, -0.3051, -0.1434,
         -0.1083,  0.3544, -0.0843,  0.0763, -0.2209,  0.3921, -0.3402,  0.3996]],
       requires_grad=True), Parameter containing:
tensor([ 0.0505,  0.1243, -0.0742, -0.1693, -0.0196, -0.1659, -0.0314,  0.1077,
         0.1610,  0.0611, -0.1192, -0.1370, -0.1306, -0.1011, -0.1229,  0.1322],
       requires_grad=True), Parameter containing:
tensor([[-0.0944, -0.3330,  0.1431,  0.3472,  0.3010,  0.1379,  0.2771,  0.3975,
          0.0847, -0.3096, -0.0991,  0.5105, -0.1065,  0.1755, -0.0773, -0.3876],
        [-0.2369,  0.4255,  0.0839, -0.4339,  0.2124, -0.1265,  0.5884, -0.5670,
          0.5901, -0.1081,  0.5047,  0.4820,  0.3703,  0.0939, -0.2226, -0.5596]],
       requires_grad=True), Parameter containing:
tensor([-0.1820,  0.1951], requires_grad=True)]
avg:   4.75, fittest:   9.40 at 0
fitnesses_top3 = [9.4 0.1]